              precision    recall  f1-score   support

           A     0.9359    0.9733    0.9542       150
           B     0.9430    0.9933    0.9675       150
           C     1.0000    0.9933    0.9967       150
           D     0.9932    0.9667    0.9797       150
           E     0.9653    0.9267    0.9456       150
           F     0.9932    0.9800    0.9866       150
           G     0.9800    0.9800    0.9800       150
           H     0.9730    0.9600    0.9664       150
           I     1.0000    0.9800    0.9899       150
           J     0.9803    0.9933    0.9868       150
           K     0.9423    0.9800    0.9608       150
           L     1.0000    0.9933    0.9967       150
           M     0.9514    0.9133    0.9320       150
           N     0.9130    0.9800    0.9453       150
           O     0.9864    0.9667    0.9764       150
           P     0.9673    0.9867    0.9769       150
           Q     0.9931    0.9600    0.9763       150
           R     0.8023    0.9200    0.8571       150
           S     0.9247    0.9000    0.9122       150
           T     0.9299    0.9733    0.9511       150
           U     0.9304    0.7133    0.8075       150
           V     0.8958    0.8600    0.8776       150
           W     0.8951    0.9667    0.9295       150
           X     0.9392    0.9267    0.9329       150
           Y     0.9470    0.9533    0.9502       150
           Z     0.9865    0.9733    0.9799       150
         del     0.9868    1.0000    0.9934       150
     nothing     0.9804    1.0000    0.9901       150
       space     0.9933    0.9867    0.9900       150

    accuracy                         0.9552      4350
   macro avg     0.9562    0.9552    0.9548      4350
weighted avg     0.9562    0.9552    0.9548      4350
