              precision    recall  f1-score   support

           A     0.8153    0.8533    0.8339       150
           B     0.7553    0.9467    0.8402       150
           C     1.0000    0.9733    0.9865       150
           D     0.8874    0.8933    0.8904       150
           E     0.8837    0.7600    0.8172       150
           F     0.9463    0.9400    0.9431       150
           G     0.9667    0.7733    0.8593       150
           H     0.7957    0.9867    0.8810       150
           I     0.9079    0.9200    0.9139       150
           J     0.9320    0.9133    0.9226       150
           K     0.8212    0.9800    0.8936       150
           L     0.9862    0.9533    0.9695       150
           M     0.7849    0.9000    0.8385       150
           N     0.8542    0.8200    0.8367       150
           O     0.9362    0.8800    0.9072       150
           P     0.8735    0.9667    0.9177       150
           Q     0.9776    0.8733    0.9225       150
           R     0.7133    0.6800    0.6962       150
           S     0.9185    0.8267    0.8702       150
           T     0.9028    0.8667    0.8844       150
           U     0.5592    0.7867    0.6537       150
           V     0.8772    0.6667    0.7576       150
           W     0.8917    0.7133    0.7926       150
           X     0.9141    0.7800    0.8417       150
           Y     0.8608    0.9067    0.8831       150
           Z     0.9603    0.9667    0.9635       150
         del     0.9732    0.9667    0.9699       150
     nothing     1.0000    1.0000    1.0000       150
       space     0.9929    0.9333    0.9622       150

    accuracy                         0.8768      4350
   macro avg     0.8858    0.8768    0.8775      4350
weighted avg     0.8858    0.8768    0.8775      4350
