              precision    recall  f1-score   support

           A     0.5915    0.6467    0.6178       150
           B     0.5202    0.8600    0.6482       150
           C     0.8204    0.9133    0.8644       150
           D     0.7193    0.8200    0.7664       150
           E     0.5091    0.7467    0.6054       150
           F     0.8792    0.8733    0.8763       150
           G     0.7630    0.6867    0.7228       150
           H     0.7071    0.9333    0.8046       150
           I     0.7843    0.5333    0.6349       150
           J     0.8108    0.8000    0.8054       150
           K     0.5509    0.6133    0.5804       150
           L     0.6575    0.7933    0.7190       150
           M     0.5146    0.3533    0.4190       150
           N     0.6181    0.5933    0.6054       150
           O     0.5481    0.4933    0.5193       150
           P     0.6308    0.9000    0.7418       150
           Q     0.7863    0.6133    0.6891       150
           R     0.4479    0.5733    0.5029       150
           S     0.4779    0.4333    0.4545       150
           T     0.6212    0.5467    0.5816       150
           U     0.3571    0.4000    0.3774       150
           V     0.3988    0.4333    0.4153       150
           W     0.6207    0.2400    0.3462       150
           X     0.5960    0.3933    0.4739       150
           Y     0.7333    0.5133    0.6039       150
           Z     0.8154    0.7067    0.7571       150
         del     0.9407    0.7400    0.8284       150
     nothing     0.9662    0.9533    0.9597       150
       space     0.7754    0.7133    0.7431       150

    accuracy                         0.6490      4350
   macro avg     0.6607    0.6490    0.6436      4350
weighted avg     0.6607    0.6490    0.6436      4350
