              precision    recall  f1-score   support

           A     0.9608    0.9800    0.9703       150
           B     0.9673    0.9867    0.9769       150
           C     0.9866    0.9800    0.9833       150
           D     0.9359    0.9733    0.9542       150
           E     0.9363    0.9800    0.9577       150
           F     1.0000    0.9600    0.9796       150
           G     0.9868    0.9933    0.9900       150
           H     0.9675    0.9933    0.9803       150
           I     0.9793    0.9467    0.9627       150
           J     0.9932    0.9733    0.9832       150
           K     1.0000    1.0000    1.0000       150
           L     0.9865    0.9733    0.9799       150
           M     0.9514    0.9133    0.9320       150
           N     0.8834    0.9600    0.9201       150
           O     0.9792    0.9400    0.9592       150
           P     0.9610    0.9867    0.9737       150
           Q     0.9799    0.9733    0.9766       150
           R     0.9735    0.9800    0.9767       150
           S     0.9474    0.9600    0.9536       150
           T     0.9930    0.9400    0.9658       150
           U     0.9467    0.9467    0.9467       150
           V     0.9097    0.9400    0.9246       150
           W     0.9712    0.9000    0.9343       150
           X     0.9726    0.9467    0.9595       150
           Y     0.9735    0.9800    0.9767       150
           Z     0.9868    1.0000    0.9934       150
         del     0.9867    0.9867    0.9867       150
     nothing     1.0000    1.0000    1.0000       150
       space     0.9735    0.9800    0.9767       150

    accuracy                         0.9680      4350
   macro avg     0.9686    0.9680    0.9681      4350
weighted avg     0.9686    0.9680    0.9681      4350
