              precision    recall  f1-score   support

           A     0.8588    0.9733    0.9125       150
           B     0.9225    0.8733    0.8973       150
           C     0.9932    0.9800    0.9866       150
           D     0.9860    0.9400    0.9625       150
           E     0.9379    0.9067    0.9220       150
           F     0.9730    0.9600    0.9664       150
           G     0.9252    0.9067    0.9158       150
           H     0.9799    0.9733    0.9766       150
           I     0.9530    0.9467    0.9498       150
           J     0.9167    0.9533    0.9346       150
           K     0.8494    0.9400    0.8924       150
           L     0.9580    0.9133    0.9352       150
           M     0.8221    0.8933    0.8562       150
           N     0.9420    0.8667    0.9028       150
           O     0.9416    0.9667    0.9539       150
           P     0.9861    0.9467    0.9660       150
           Q     0.9250    0.9867    0.9548       150
           R     0.8868    0.6267    0.7344       150
           S     0.8430    0.6800    0.7528       150
           T     0.8313    0.8867    0.8581       150
           U     0.6106    0.8467    0.7095       150
           V     0.8385    0.7267    0.7786       150
           W     0.8414    0.8133    0.8271       150
           X     0.8038    0.8467    0.8247       150
           Y     0.9145    0.9267    0.9205       150
           Z     0.8868    0.9400    0.9126       150
         del     0.9608    0.9800    0.9703       150
     nothing     1.0000    0.9867    0.9933       150
       space     0.9931    0.9600    0.9763       150

    accuracy                         0.9016      4350
   macro avg     0.9062    0.9016    0.9015      4350
weighted avg     0.9062    0.9016    0.9015      4350
