              precision    recall  f1-score   support

           A     0.9290    0.9600    0.9443       150
           B     0.8820    0.9467    0.9132       150
           C     0.9862    0.9533    0.9695       150
           D     0.9730    0.9600    0.9664       150
           E     0.9323    0.8267    0.8763       150
           F     0.9658    0.9400    0.9527       150
           G     0.9783    0.9000    0.9375       150
           H     0.9600    0.9600    0.9600       150
           I     0.9539    0.9667    0.9603       150
           J     0.9542    0.9733    0.9637       150
           K     0.9730    0.9600    0.9664       150
           L     0.9608    0.9800    0.9703       150
           M     0.9420    0.8667    0.9028       150
           N     0.9045    0.9467    0.9251       150
           O     0.9456    0.9267    0.9360       150
           P     0.9036    1.0000    0.9494       150
           Q     0.9929    0.9333    0.9622       150
           R     0.8675    0.8733    0.8704       150
           S     0.8618    0.8733    0.8675       150
           T     0.9200    0.7667    0.8364       150
           U     0.8667    0.7800    0.8211       150
           V     0.7988    0.8733    0.8344       150
           W     0.8118    0.9200    0.8625       150
           X     0.8239    0.8733    0.8479       150
           Y     0.9267    0.9267    0.9267       150
           Z     0.9119    0.9667    0.9385       150
         del     1.0000    0.9800    0.9899       150
     nothing     0.9804    1.0000    0.9901       150
       space     0.9545    0.9800    0.9671       150

    accuracy                         0.9246      4350
   macro avg     0.9262    0.9246    0.9244      4350
weighted avg     0.9262    0.9246    0.9244      4350
