              precision    recall  f1-score   support

           A     0.9130    0.9800    0.9453       150
           B     0.9484    0.9800    0.9639       150
           C     0.9868    1.0000    0.9934       150
           D     0.9733    0.9733    0.9733       150
           E     0.9338    0.9400    0.9369       150
           F     0.9932    0.9800    0.9866       150
           G     0.8690    0.9733    0.9182       150
           H     0.9556    0.8600    0.9053       150
           I     0.9929    0.9333    0.9622       150
           J     0.9932    0.9733    0.9832       150
           K     0.9801    0.9867    0.9834       150
           L     1.0000    0.9533    0.9761       150
           M     0.9850    0.8733    0.9258       150
           N     0.9006    0.9667    0.9325       150
           O     0.9459    0.9333    0.9396       150
           P     0.9796    0.9600    0.9697       150
           Q     0.9740    1.0000    0.9868       150
           R     0.9262    0.9200    0.9231       150
           S     0.9006    0.9667    0.9325       150
           T     0.9299    0.9733    0.9511       150
           U     0.8385    0.9000    0.8682       150
           V     0.9259    0.8333    0.8772       150
           W     0.9241    0.8933    0.9085       150
           X     0.9161    0.9467    0.9311       150
           Y     0.9527    0.9400    0.9463       150
           Z     0.9930    0.9467    0.9693       150
         del     0.9675    0.9933    0.9803       150
     nothing     1.0000    1.0000    1.0000       150
       space     0.9932    0.9733    0.9832       150

    accuracy                         0.9501      4350
   macro avg     0.9515    0.9501    0.9501      4350
weighted avg     0.9515    0.9501    0.9501      4350
