              precision    recall  f1-score   support

           A     0.9786    0.9133    0.9448       150
           B     0.8192    0.9667    0.8869       150
           C     0.9600    0.9600    0.9600       150
           D     0.9470    0.9533    0.9502       150
           E     0.9496    0.7533    0.8401       150
           F     0.9597    0.9533    0.9565       150
           G     0.9927    0.9067    0.9477       150
           H     0.8987    0.9467    0.9221       150
           I     0.9653    0.9267    0.9456       150
           J     0.9221    0.9467    0.9342       150
           K     0.9363    0.9800    0.9577       150
           L     0.9605    0.9733    0.9669       150
           M     0.8980    0.8800    0.8889       150
           N     0.8882    0.9000    0.8940       150
           O     0.8954    0.9133    0.9043       150
           P     0.9671    0.9800    0.9735       150
           Q     0.9527    0.9400    0.9463       150
           R     0.9329    0.9267    0.9298       150
           S     0.9195    0.9133    0.9164       150
           T     0.9041    0.8800    0.8919       150
           U     0.8712    0.7667    0.8156       150
           V     0.7267    0.7800    0.7524       150
           W     0.7933    0.9467    0.8632       150
           X     0.9103    0.8800    0.8949       150
           Y     0.9655    0.9333    0.9492       150
           Z     1.0000    0.9200    0.9583       150
         del     0.9732    0.9667    0.9699       150
     nothing     1.0000    1.0000    1.0000       150
       space     0.8743    0.9733    0.9211       150

    accuracy                         0.9200      4350
   macro avg     0.9228    0.9200    0.9201      4350
weighted avg     0.9228    0.9200    0.9201      4350
