              precision    recall  f1-score   support

           A     0.9931    0.9533    0.9728       150
           B     0.9675    0.9933    0.9803       150
           C     1.0000    0.9933    0.9967       150
           D     0.9932    0.9800    0.9866       150
           E     0.9548    0.9867    0.9705       150
           F     0.9868    0.9933    0.9900       150
           G     1.0000    0.9933    0.9967       150
           H     0.9933    0.9933    0.9933       150
           I     0.9801    0.9867    0.9834       150
           J     0.9868    1.0000    0.9934       150
           K     1.0000    0.9933    0.9967       150
           L     1.0000    1.0000    1.0000       150
           M     0.9801    0.9867    0.9834       150
           N     0.9867    0.9867    0.9867       150
           O     0.9868    0.9933    0.9900       150
           P     0.9933    0.9933    0.9933       150
           Q     0.9934    1.0000    0.9967       150
           R     0.9867    0.9867    0.9867       150
           S     0.9675    0.9933    0.9803       150
           T     0.9932    0.9800    0.9866       150
           U     0.9730    0.9600    0.9664       150
           V     0.9363    0.9800    0.9577       150
           W     0.9796    0.9600    0.9697       150
           X     1.0000    0.9467    0.9726       150
           Y     0.9934    1.0000    0.9967       150
           Z     1.0000    0.9867    0.9933       150
         del     0.9934    1.0000    0.9967       150
     nothing     0.9934    1.0000    0.9967       150
       space     1.0000    0.9867    0.9933       150

    accuracy                         0.9864      4350
   macro avg     0.9866    0.9864    0.9864      4350
weighted avg     0.9866    0.9864    0.9864      4350
