              precision    recall  f1-score   support

           A     0.9868    0.9933    0.9900       150
           B     0.9933    0.9933    0.9933       150
           C     1.0000    1.0000    1.0000       150
           D     0.9868    1.0000    0.9934       150
           E     0.9867    0.9867    0.9867       150
           F     0.9934    1.0000    0.9967       150
           G     1.0000    0.9667    0.9831       150
           H     0.9671    0.9800    0.9735       150
           I     1.0000    0.9667    0.9831       150
           J     0.9868    0.9933    0.9900       150
           K     0.9548    0.9867    0.9705       150
           L     1.0000    1.0000    1.0000       150
           M     0.9800    0.9800    0.9800       150
           N     0.9735    0.9800    0.9767       150
           O     1.0000    0.9933    0.9967       150
           P     0.9803    0.9933    0.9868       150
           Q     1.0000    0.9933    0.9967       150
           R     0.9189    0.9067    0.9128       150
           S     0.9467    0.9467    0.9467       150
           T     0.9610    0.9867    0.9737       150
           U     0.9184    0.9000    0.9091       150
           V     0.9704    0.8733    0.9193       150
           W     0.9245    0.9800    0.9515       150
           X     0.9536    0.9600    0.9568       150
           Y     0.9868    1.0000    0.9934       150
           Z     1.0000    1.0000    1.0000       150
         del     0.9934    1.0000    0.9967       150
     nothing     1.0000    1.0000    1.0000       150
       space     1.0000    1.0000    1.0000       150

    accuracy                         0.9779      4350
   macro avg     0.9780    0.9779    0.9778      4350
weighted avg     0.9780    0.9779    0.9778      4350
