              precision    recall  f1-score   support

           A     0.8832    0.8067    0.8432       150
           B     0.7719    0.8800    0.8224       150
           C     0.9638    0.8867    0.9236       150
           D     0.8129    0.8400    0.8262       150
           E     0.7011    0.8600    0.7725       150
           F     0.8889    0.9600    0.9231       150
           G     0.9242    0.8133    0.8652       150
           H     0.8471    0.9600    0.9000       150
           I     0.7716    0.8333    0.8013       150
           J     0.7989    0.9267    0.8580       150
           K     0.7293    0.8800    0.7976       150
           L     0.8868    0.9400    0.9126       150
           M     0.5799    0.6533    0.6144       150
           N     0.6108    0.7533    0.6746       150
           O     0.7748    0.5733    0.6590       150
           P     0.8544    0.9000    0.8766       150
           Q     0.8571    0.8400    0.8485       150
           R     0.5571    0.7800    0.6500       150
           S     0.8132    0.4933    0.6141       150
           T     0.7473    0.9267    0.8274       150
           U     0.5269    0.5867    0.5552       150
           V     0.6396    0.4733    0.5441       150
           W     0.8000    0.4800    0.6000       150
           X     0.8431    0.5733    0.6825       150
           Y     0.8305    0.6533    0.7313       150
           Z     0.9291    0.8733    0.9003       150
         del     0.9156    0.9400    0.9276       150
     nothing     1.0000    1.0000    1.0000       150
       space     0.9185    0.8267    0.8702       150

    accuracy                         0.7901      4350
   macro avg     0.7992    0.7901    0.7870      4350
weighted avg     0.7992    0.7901    0.7870      4350
