              precision    recall  f1-score   support

           A     0.9400    0.9400    0.9400       150
           B     0.9514    0.9133    0.9320       150
           C     0.9739    0.9933    0.9835       150
           D     0.9931    0.9600    0.9763       150
           E     0.9568    0.8867    0.9204       150
           F     0.9733    0.9733    0.9733       150
           G     0.9789    0.9267    0.9521       150
           H     0.9542    0.9733    0.9637       150
           I     0.9610    0.9867    0.9737       150
           J     0.9673    0.9867    0.9769       150
           K     0.9801    0.9867    0.9834       150
           L     0.9866    0.9800    0.9833       150
           M     0.9615    0.8333    0.8929       150
           N     0.9128    0.9067    0.9097       150
           O     0.9928    0.9133    0.9514       150
           P     0.9803    0.9933    0.9868       150
           Q     0.9862    0.9533    0.9695       150
           R     0.9359    0.9733    0.9542       150
           S     0.7772    0.9533    0.8563       150
           T     0.9441    0.9000    0.9215       150
           U     0.9462    0.8200    0.8786       150
           V     0.7663    0.9400    0.8443       150
           W     0.9496    0.7533    0.8401       150
           X     0.8642    0.9333    0.8974       150
           Y     0.9423    0.9800    0.9608       150
           Z     0.9484    0.9800    0.9639       150
         del     0.9551    0.9933    0.9739       150
     nothing     0.9868    1.0000    0.9934       150
       space     0.9295    0.9667    0.9477       150

    accuracy                         0.9414      4350
   macro avg     0.9447    0.9414    0.9414      4350
weighted avg     0.9447    0.9414    0.9414      4350
