              precision    recall  f1-score   support

           A     0.9669    0.9733    0.9701       150
           B     0.9800    0.9800    0.9800       150
           C     1.0000    0.9933    0.9967       150
           D     0.9868    0.9933    0.9900       150
           E     0.9862    0.9533    0.9695       150
           F     0.9934    1.0000    0.9967       150
           G     0.9863    0.9600    0.9730       150
           H     0.9677    1.0000    0.9836       150
           I     0.9933    0.9867    0.9900       150
           J     0.9801    0.9867    0.9834       150
           K     0.9866    0.9800    0.9833       150
           L     0.9933    0.9933    0.9933       150
           M     0.9795    0.9533    0.9662       150
           N     0.9416    0.9667    0.9539       150
           O     0.9863    0.9600    0.9730       150
           P     0.9934    1.0000    0.9967       150
           Q     1.0000    0.9933    0.9967       150
           R     0.9517    0.9200    0.9356       150
           S     0.9527    0.9400    0.9463       150
           T     0.9548    0.9867    0.9705       150
           U     0.8904    0.8667    0.8784       150
           V     0.8679    0.9200    0.8932       150
           W     0.9533    0.9533    0.9533       150
           X     0.9423    0.9800    0.9608       150
           Y     0.9799    0.9733    0.9766       150
           Z     0.9868    1.0000    0.9934       150
         del     0.9933    0.9933    0.9933       150
     nothing     1.0000    1.0000    1.0000       150
       space     1.0000    0.9800    0.9899       150

    accuracy                         0.9720      4350
   macro avg     0.9722    0.9720    0.9720      4350
weighted avg     0.9722    0.9720    0.9720      4350
