              precision    recall  f1-score   support

           A     0.9673    0.9867    0.9769       150
           B     0.9308    0.9867    0.9579       150
           C     1.0000    1.0000    1.0000       150
           D     0.9932    0.9800    0.9866       150
           E     0.9671    0.9800    0.9735       150
           F     1.0000    0.9867    0.9933       150
           G     0.9862    0.9533    0.9695       150
           H     0.9548    0.9867    0.9705       150
           I     0.9795    0.9533    0.9662       150
           J     0.9868    1.0000    0.9934       150
           K     0.9673    0.9867    0.9769       150
           L     1.0000    0.9933    0.9967       150
           M     0.9863    0.9600    0.9730       150
           N     0.9675    0.9933    0.9803       150
           O     0.9487    0.9867    0.9673       150
           P     0.9740    1.0000    0.9868       150
           Q     1.0000    0.9800    0.9899       150
           R     0.9130    0.9800    0.9453       150
           S     0.9864    0.9667    0.9764       150
           T     0.9545    0.9800    0.9671       150
           U     0.9496    0.8800    0.9135       150
           V     0.9638    0.8867    0.9236       150
           W     0.9145    0.9267    0.9205       150
           X     0.9662    0.9533    0.9597       150
           Y     0.9863    0.9600    0.9730       150
           Z     0.9934    1.0000    0.9967       150
         del     0.9934    1.0000    0.9967       150
     nothing     1.0000    1.0000    1.0000       150
       space     1.0000    0.9733    0.9865       150

    accuracy                         0.9731      4350
   macro avg     0.9735    0.9731    0.9730      4350
weighted avg     0.9735    0.9731    0.9730      4350
