              precision    recall  f1-score   support

           A     0.9739    0.9933    0.9835       150
           B     0.9613    0.9933    0.9770       150
           C     0.9868    0.9933    0.9900       150
           D     0.9539    0.9667    0.9603       150
           E     0.9597    0.9533    0.9565       150
           F     1.0000    0.9200    0.9583       150
           G     0.9710    0.8933    0.9306       150
           H     0.9119    0.9667    0.9385       150
           I     0.9860    0.9400    0.9625       150
           J     0.9740    1.0000    0.9868       150
           K     0.9677    1.0000    0.9836       150
           L     1.0000    1.0000    1.0000       150
           M     0.9653    0.9267    0.9456       150
           N     0.9481    0.9733    0.9605       150
           O     0.9860    0.9400    0.9625       150
           P     0.9673    0.9867    0.9769       150
           Q     0.9932    0.9667    0.9797       150
           R     0.9858    0.9267    0.9553       150
           S     0.9793    0.9467    0.9627       150
           T     0.9494    1.0000    0.9740       150
           U     0.8701    0.8933    0.8816       150
           V     0.8133    0.9000    0.8544       150
           W     0.8851    0.8733    0.8792       150
           X     0.9653    0.9267    0.9456       150
           Y     0.9551    0.9933    0.9739       150
           Z     0.9866    0.9800    0.9833       150
         del     0.9933    0.9933    0.9933       150
     nothing     1.0000    1.0000    1.0000       150
       space     0.9868    1.0000    0.9934       150

    accuracy                         0.9602      4350
   macro avg     0.9613    0.9602    0.9603      4350
weighted avg     0.9613    0.9602    0.9603      4350
