              precision    recall  f1-score   support

           A     0.9187    0.9800    0.9484       150
           B     0.9712    0.9000    0.9343       150
           C     1.0000    0.9733    0.9865       150
           D     0.9789    0.9267    0.9521       150
           E     0.9404    0.9467    0.9435       150
           F     0.9932    0.9800    0.9866       150
           G     0.9610    0.9867    0.9737       150
           H     0.9728    0.9533    0.9630       150
           I     1.0000    0.9867    0.9933       150
           J     0.9865    0.9733    0.9799       150
           K     0.9091    1.0000    0.9524       150
           L     0.9673    0.9867    0.9769       150
           M     0.9255    0.9933    0.9582       150
           N     0.9792    0.9400    0.9592       150
           O     0.9079    0.9200    0.9139       150
           P     0.9934    1.0000    0.9967       150
           Q     0.9863    0.9600    0.9730       150
           R     0.9478    0.8467    0.8944       150
           S     0.7952    0.8800    0.8354       150
           T     0.9545    0.8400    0.8936       150
           U     0.7667    0.9200    0.8364       150
           V     0.8621    0.8333    0.8475       150
           W     0.9478    0.8467    0.8944       150
           X     0.9013    0.9133    0.9073       150
           Y     0.9536    0.9600    0.9568       150
           Z     0.9793    0.9467    0.9627       150
         del     0.9740    1.0000    0.9868       150
     nothing     1.0000    1.0000    1.0000       150
       space     0.9671    0.9800    0.9735       150

    accuracy                         0.9439      4350
   macro avg     0.9462    0.9439    0.9441      4350
weighted avg     0.9462    0.9439    0.9441      4350
