              precision    recall  f1-score   support

           A     0.7215    0.7600    0.7403       150
           B     0.7610    0.8067    0.7832       150
           C     0.9286    0.9533    0.9408       150
           D     0.7640    0.9067    0.8293       150
           E     0.7456    0.5667    0.6439       150
           F     0.9388    0.9200    0.9293       150
           G     0.8615    0.7467    0.8000       150
           H     0.7486    0.9133    0.8228       150
           I     0.8897    0.8067    0.8462       150
           J     0.9007    0.9067    0.9037       150
           K     0.5780    0.8400    0.6848       150
           L     0.7738    0.8667    0.8176       150
           M     0.6609    0.7667    0.7099       150
           N     0.7881    0.6200    0.6940       150
           O     0.8138    0.7867    0.8000       150
           P     0.9257    0.9133    0.9195       150
           Q     0.9205    0.9267    0.9236       150
           R     0.4067    0.7267    0.5215       150
           S     0.5562    0.6267    0.5893       150
           T     0.6809    0.6400    0.6598       150
           U     0.4545    0.1000    0.1639       150
           V     0.4535    0.5200    0.4845       150
           W     0.4855    0.4467    0.4653       150
           X     0.6495    0.4200    0.5101       150
           Y     0.7842    0.7267    0.7543       150
           Z     0.9360    0.7800    0.8509       150
         del     0.9854    0.9000    0.9408       150
     nothing     0.9933    0.9867    0.9900       150
       space     0.8733    0.8733    0.8733       150

    accuracy                         0.7501      4350
   macro avg     0.7579    0.7501    0.7446      4350
weighted avg     0.7579    0.7501    0.7446      4350
