              precision    recall  f1-score   support

           A     1.0000    0.9600    0.9796       150
           B     0.9412    0.9600    0.9505       150
           C     1.0000    0.9867    0.9933       150
           D     0.9797    0.9667    0.9732       150
           E     0.9030    0.9933    0.9460       150
           F     1.0000    0.9867    0.9933       150
           G     0.9583    0.9200    0.9388       150
           H     0.9597    0.9533    0.9565       150
           I     0.9863    0.9600    0.9730       150
           J     0.9551    0.9933    0.9739       150
           K     0.9867    0.9867    0.9867       150
           L     0.9933    0.9933    0.9933       150
           M     0.9551    0.9933    0.9739       150
           N     0.9792    0.9400    0.9592       150
           O     0.9932    0.9733    0.9832       150
           P     1.0000    0.9933    0.9967       150
           Q     0.9868    1.0000    0.9934       150
           R     0.9796    0.9600    0.9697       150
           S     0.9739    0.9933    0.9835       150
           T     1.0000    0.9800    0.9899       150
           U     0.9125    0.9733    0.9419       150
           V     0.9474    0.9600    0.9536       150
           W     0.9931    0.9533    0.9728       150
           X     1.0000    0.9467    0.9726       150
           Y     0.9868    1.0000    0.9934       150
           Z     0.9803    0.9933    0.9868       150
         del     1.0000    1.0000    1.0000       150
     nothing     0.9934    1.0000    0.9967       150
       space     0.9868    0.9933    0.9900       150

    accuracy                         0.9763      4350
   macro avg     0.9769    0.9763    0.9764      4350
weighted avg     0.9769    0.9763    0.9764      4350
