              precision    recall  f1-score   support

           A     0.8261    0.8867    0.8553       150
           B     0.8442    0.8667    0.8553       150
           C     0.9677    1.0000    0.9836       150
           D     0.9379    0.9067    0.9220       150
           E     0.9197    0.8400    0.8780       150
           F     0.9929    0.9267    0.9586       150
           G     0.9407    0.8467    0.8912       150
           H     0.9291    0.8733    0.9003       150
           I     0.9562    0.8733    0.9129       150
           J     0.8655    0.9867    0.9221       150
           K     0.9844    0.8400    0.9065       150
           L     0.9790    0.9333    0.9556       150
           M     0.8291    0.8733    0.8506       150
           N     0.9091    0.8000    0.8511       150
           O     0.9272    0.9333    0.9302       150
           P     0.9542    0.9733    0.9637       150
           Q     0.9650    0.9200    0.9420       150
           R     0.7875    0.8400    0.8129       150
           S     0.7920    0.6600    0.7200       150
           T     0.8204    0.9133    0.8644       150
           U     0.6755    0.8467    0.7515       150
           V     0.6290    0.7800    0.6964       150
           W     0.8652    0.5133    0.6444       150
           X     0.6103    0.8667    0.7163       150
           Y     0.9658    0.9400    0.9527       150
           Z     0.9362    0.8800    0.9072       150
         del     0.9427    0.9867    0.9642       150
     nothing     1.0000    0.9867    0.9933       150
       space     0.9863    0.9600    0.9730       150

    accuracy                         0.8777      4350
   macro avg     0.8875    0.8777    0.8785      4350
weighted avg     0.8875    0.8777    0.8785      4350
