              precision    recall  f1-score   support

           A     0.9145    0.9267    0.9205       150
           B     0.9108    0.9533    0.9316       150
           C     0.9865    0.9733    0.9799       150
           D     0.9408    0.9533    0.9470       150
           E     0.8874    0.8933    0.8904       150
           F     0.9720    0.9267    0.9488       150
           G     0.9333    0.9333    0.9333       150
           H     0.9324    0.9200    0.9262       150
           I     0.9650    0.9200    0.9420       150
           J     0.9740    1.0000    0.9868       150
           K     0.9141    0.9933    0.9521       150
           L     0.9673    0.9867    0.9769       150
           M     0.9000    0.7800    0.8357       150
           N     0.8125    0.9533    0.8773       150
           O     0.9357    0.8733    0.9034       150
           P     0.9419    0.9733    0.9574       150
           Q     0.9710    0.8933    0.9306       150
           R     0.8851    0.8733    0.8792       150
           S     0.8405    0.9133    0.8754       150
           T     0.9452    0.9200    0.9324       150
           U     0.9048    0.7600    0.8261       150
           V     0.7516    0.8067    0.7781       150
           W     0.8098    0.8800    0.8435       150
           X     0.9021    0.8600    0.8805       150
           Y     0.9057    0.9600    0.9320       150
           Z     0.9712    0.9000    0.9343       150
         del     0.9732    0.9667    0.9699       150
     nothing     0.9868    1.0000    0.9934       150
       space     0.9797    0.9667    0.9732       150

    accuracy                         0.9193      4350
   macro avg     0.9212    0.9193    0.9192      4350
weighted avg     0.9212    0.9193    0.9192      4350
