              precision    recall  f1-score   support

           A     0.9786    0.9133    0.9448       150
           B     0.9221    0.9467    0.9342       150
           C     0.9933    0.9933    0.9933       150
           D     1.0000    0.9800    0.9899       150
           E     0.8742    0.8800    0.8771       150
           F     0.9864    0.9667    0.9764       150
           G     0.9929    0.9333    0.9622       150
           H     0.9795    0.9533    0.9662       150
           I     0.9792    0.9400    0.9592       150
           J     0.8982    1.0000    0.9464       150
           K     0.9085    0.8600    0.8836       150
           L     1.0000    0.9800    0.9899       150
           M     0.8580    0.9267    0.8910       150
           N     0.9155    0.8667    0.8904       150
           O     0.9926    0.9000    0.9441       150
           P     0.9866    0.9800    0.9833       150
           Q     0.9737    0.9867    0.9801       150
           R     0.7486    0.9133    0.8228       150
           S     0.6919    0.9133    0.7874       150
           T     0.9474    0.9600    0.9536       150
           U     0.8571    0.7200    0.7826       150
           V     0.8456    0.7667    0.8042       150
           W     0.9556    0.8600    0.9053       150
           X     0.8225    0.9267    0.8715       150
           Y     0.9730    0.9600    0.9664       150
           Z     1.0000    0.9533    0.9761       150
         del     0.9932    0.9800    0.9866       150
     nothing     1.0000    0.9933    0.9967       150
       space     1.0000    0.9733    0.9865       150

    accuracy                         0.9285      4350
   macro avg     0.9336    0.9285    0.9294      4350
weighted avg     0.9336    0.9285    0.9294      4350
