              precision    recall  f1-score   support

           A     0.9301    0.8867    0.9078       150
           B     0.8855    0.9800    0.9304       150
           C     0.9675    0.9933    0.9803       150
           D     1.0000    0.9533    0.9761       150
           E     0.8958    0.8600    0.8776       150
           F     0.9931    0.9600    0.9763       150
           G     0.9786    0.9133    0.9448       150
           H     0.9861    0.9467    0.9660       150
           I     1.0000    0.8600    0.9247       150
           J     0.9732    0.9667    0.9699       150
           K     0.9669    0.7800    0.8635       150
           L     0.9737    0.9867    0.9801       150
           M     0.9766    0.8333    0.8993       150
           N     0.8471    0.9600    0.9000       150
           O     0.9333    0.9333    0.9333       150
           P     0.9862    0.9533    0.9695       150
           Q     0.9259    1.0000    0.9615       150
           R     0.8626    0.7533    0.8043       150
           S     0.7874    0.9133    0.8457       150
           T     0.8466    0.9933    0.9141       150
           U     0.7209    0.8267    0.7702       150
           V     0.7758    0.8533    0.8127       150
           W     0.8808    0.8867    0.8837       150
           X     0.8926    0.8867    0.8896       150
           Y     0.9195    0.9133    0.9164       150
           Z     0.9474    0.9600    0.9536       150
         del     0.9932    0.9800    0.9866       150
     nothing     1.0000    0.9867    0.9933       150
       space     0.9867    0.9867    0.9867       150

    accuracy                         0.9209      4350
   macro avg     0.9253    0.9209    0.9213      4350
weighted avg     0.9253    0.9209    0.9213      4350
