              precision    recall  f1-score   support

           A     0.9388    0.9200    0.9293       150
           B     0.9662    0.9533    0.9597       150
           C     0.9615    1.0000    0.9804       150
           D     1.0000    0.9800    0.9899       150
           E     0.9776    0.8733    0.9225       150
           F     1.0000    0.9867    0.9933       150
           G     0.9928    0.9200    0.9550       150
           H     0.9367    0.9867    0.9610       150
           I     0.9800    0.9800    0.9800       150
           J     0.9739    0.9933    0.9835       150
           K     0.9669    0.9733    0.9701       150
           L     0.9737    0.9867    0.9801       150
           M     0.8599    0.9000    0.8795       150
           N     0.8808    0.8867    0.8837       150
           O     0.9667    0.9667    0.9667       150
           P     0.9673    0.9867    0.9769       150
           Q     0.9866    0.9800    0.9833       150
           R     0.7427    0.8467    0.7913       150
           S     0.8812    0.9400    0.9097       150
           T     0.9400    0.9400    0.9400       150
           U     0.7517    0.7267    0.7390       150
           V     0.9281    0.8600    0.8927       150
           W     0.9205    0.9267    0.9236       150
           X     0.9272    0.9333    0.9302       150
           Y     0.9860    0.9400    0.9625       150
           Z     0.9669    0.9733    0.9701       150
         del     0.9801    0.9867    0.9834       150
     nothing     1.0000    1.0000    1.0000       150
       space     0.9862    0.9533    0.9695       150

    accuracy                         0.9414      4350
   macro avg     0.9428    0.9414    0.9416      4350
weighted avg     0.9428    0.9414    0.9416      4350
