              precision    recall  f1-score   support

           A     0.9007    0.9067    0.9037       150
           B     0.8302    0.8800    0.8544       150
           C     0.9667    0.9667    0.9667       150
           D     0.9608    0.9800    0.9703       150
           E     0.9204    0.6933    0.7909       150
           F     0.9803    0.9933    0.9868       150
           G     0.9636    0.7067    0.8154       150
           H     0.8720    0.9533    0.9108       150
           I     0.7865    0.9333    0.8537       150
           J     0.8613    0.9933    0.9226       150
           K     0.6332    0.9667    0.7652       150
           L     0.9018    0.9800    0.9393       150
           M     0.8811    0.8400    0.8601       150
           N     0.9000    0.8400    0.8690       150
           O     0.9787    0.9200    0.9485       150
           P     0.9800    0.9800    0.9800       150
           Q     0.9671    0.9800    0.9735       150
           R     0.6075    0.8667    0.7143       150
           S     0.8794    0.8267    0.8522       150
           T     0.8976    0.7600    0.8231       150
           U     0.8387    0.3467    0.4906       150
           V     0.7966    0.6267    0.7015       150
           W     0.8125    0.7800    0.7959       150
           X     0.7571    0.8933    0.8196       150
           Y     0.9600    0.9600    0.9600       150
           Z     0.8987    0.9467    0.9221       150
         del     0.9603    0.9667    0.9635       150
     nothing     1.0000    0.9800    0.9899       150
       space     0.9500    0.8867    0.9172       150

    accuracy                         0.8743      4350
   macro avg     0.8842    0.8743    0.8710      4350
weighted avg     0.8842    0.8743    0.8710      4350
