              precision    recall  f1-score   support

           A     0.8521    0.8067    0.8288       150
           B     0.7515    0.8467    0.7962       150
           C     0.9545    0.9800    0.9671       150
           D     0.7953    0.9067    0.8474       150
           E     0.7550    0.7600    0.7575       150
           F     0.9552    0.8533    0.9014       150
           G     0.9449    0.8000    0.8664       150
           H     0.8373    0.9267    0.8797       150
           I     0.7771    0.8600    0.8165       150
           J     0.8797    0.9267    0.9026       150
           K     0.7716    0.8333    0.8013       150
           L     0.8750    0.9800    0.9245       150
           M     0.7252    0.6333    0.6762       150
           N     0.7190    0.7333    0.7261       150
           O     0.9746    0.7667    0.8582       150
           P     0.9351    0.9600    0.9474       150
           Q     0.9119    0.9667    0.9385       150
           R     0.5694    0.7933    0.6630       150
           S     0.5902    0.8067    0.6817       150
           T     0.9640    0.7133    0.8199       150
           U     0.6634    0.4467    0.5339       150
           V     0.6822    0.4867    0.5681       150
           W     0.6797    0.6933    0.6865       150
           X     0.7724    0.7467    0.7593       150
           Y     0.9000    0.7800    0.8357       150
           Z     0.8951    0.8533    0.8737       150
         del     0.9650    0.9200    0.9420       150
     nothing     0.9551    0.9933    0.9739       150
       space     0.8110    0.8867    0.8471       150

    accuracy                         0.8159      4350
   macro avg     0.8229    0.8159    0.8145      4350
weighted avg     0.8229    0.8159    0.8145      4350
