              precision    recall  f1-score   support

           A     0.9404    0.9467    0.9435       150
           B     0.9706    0.8800    0.9231       150
           C     0.9932    0.9800    0.9866       150
           D     1.0000    0.9533    0.9761       150
           E     0.9167    0.9533    0.9346       150
           F     0.9931    0.9600    0.9763       150
           G     0.9470    0.9533    0.9502       150
           H     0.9718    0.9200    0.9452       150
           I     0.9732    0.9667    0.9699       150
           J     0.9419    0.9733    0.9574       150
           K     0.9085    0.9267    0.9175       150
           L     0.9927    0.9067    0.9477       150
           M     0.9044    0.8200    0.8601       150
           N     0.8707    0.8533    0.8620       150
           O     0.9722    0.9333    0.9524       150
           P     0.9856    0.9133    0.9481       150
           Q     0.9542    0.8333    0.8897       150
           R     0.8865    0.8333    0.8591       150
           S     0.7861    0.9067    0.8421       150
           T     0.8973    0.8733    0.8851       150
           U     0.8047    0.9067    0.8527       150
           V     0.9286    0.7800    0.8478       150
           W     0.8333    0.9333    0.8805       150
           X     0.8973    0.8733    0.8851       150
           Y     0.8876    1.0000    0.9404       150
           Z     0.8631    0.9667    0.9119       150
         del     0.8475    1.0000    0.9174       150
     nothing     0.9677    1.0000    0.9836       150
       space     1.0000    0.9933    0.9967       150

    accuracy                         0.9221      4350
   macro avg     0.9254    0.9221    0.9222      4350
weighted avg     0.9254    0.9221    0.9222      4350
