              precision    recall  f1-score   support

           A     0.9600    0.9600    0.9600       150
           B     0.9477    0.9667    0.9571       150
           C     1.0000    1.0000    1.0000       150
           D     0.9675    0.9933    0.9803       150
           E     0.9603    0.9667    0.9635       150
           F     0.9865    0.9733    0.9799       150
           G     0.9671    0.9800    0.9735       150
           H     0.9673    0.9867    0.9769       150
           I     0.9801    0.9867    0.9834       150
           J     0.9801    0.9867    0.9834       150
           K     0.9933    0.9867    0.9900       150
           L     0.9934    1.0000    0.9967       150
           M     0.9664    0.9600    0.9632       150
           N     0.9484    0.9800    0.9639       150
           O     0.9658    0.9400    0.9527       150
           P     1.0000    0.9867    0.9933       150
           Q     1.0000    0.9933    0.9967       150
           R     0.9487    0.9867    0.9673       150
           S     0.9931    0.9533    0.9728       150
           T     0.9865    0.9733    0.9799       150
           U     0.9662    0.9533    0.9597       150
           V     0.9521    0.9267    0.9392       150
           W     0.9276    0.9400    0.9338       150
           X     0.9533    0.9533    0.9533       150
           Y     0.9801    0.9867    0.9834       150
           Z     0.9933    0.9867    0.9900       150
         del     0.9933    0.9933    0.9933       150
     nothing     0.9868    1.0000    0.9934       150
       space     1.0000    0.9600    0.9796       150

    accuracy                         0.9745      4350
   macro avg     0.9747    0.9745    0.9745      4350
weighted avg     0.9747    0.9745    0.9745      4350
