              precision    recall  f1-score   support

           A     0.9648    0.9133    0.9384       150
           B     0.9412    0.9600    0.9505       150
           C     1.0000    1.0000    1.0000       150
           D     0.9867    0.9867    0.9867       150
           E     0.8529    0.9667    0.9062       150
           F     1.0000    0.9800    0.9899       150
           G     0.9477    0.9667    0.9571       150
           H     0.9542    0.9733    0.9637       150
           I     0.9859    0.9333    0.9589       150
           J     1.0000    0.9400    0.9691       150
           K     0.9928    0.9200    0.9550       150
           L     1.0000    0.9733    0.9865       150
           M     0.9078    0.8533    0.8797       150
           N     0.8571    0.9200    0.8875       150
           O     0.9799    0.9733    0.9766       150
           P     0.9733    0.9733    0.9733       150
           Q     0.9803    0.9933    0.9868       150
           R     0.9412    0.8533    0.8951       150
           S     0.8434    0.9333    0.8861       150
           T     0.9338    0.9400    0.9369       150
           U     0.8193    0.9067    0.8608       150
           V     0.8961    0.9200    0.9079       150
           W     0.9857    0.9200    0.9517       150
           X     0.9306    0.8933    0.9116       150
           Y     0.9867    0.9867    0.9867       150
           Z     0.9799    0.9733    0.9766       150
         del     0.9868    0.9933    0.9900       150
     nothing     0.9740    1.0000    0.9868       150
       space     0.9933    0.9933    0.9933       150

    accuracy                         0.9497      4350
   macro avg     0.9516    0.9497    0.9500      4350
weighted avg     0.9516    0.9497    0.9500      4350
