              precision    recall  f1-score   support

           A     0.9073    0.9133    0.9103       150
           B     0.9597    0.9533    0.9565       150
           C     1.0000    0.9933    0.9967       150
           D     1.0000    0.9533    0.9761       150
           E     0.9329    0.9267    0.9298       150
           F     0.9548    0.9867    0.9705       150
           G     0.9796    0.9600    0.9697       150
           H     0.9735    0.9800    0.9767       150
           I     0.9866    0.9800    0.9833       150
           J     0.9739    0.9933    0.9835       150
           K     0.9551    0.9933    0.9739       150
           L     0.9933    0.9933    0.9933       150
           M     0.9467    0.9467    0.9467       150
           N     0.9671    0.9800    0.9735       150
           O     0.9863    0.9600    0.9730       150
           P     0.9933    0.9867    0.9900       150
           Q     0.9934    1.0000    0.9967       150
           R     0.9026    0.9267    0.9145       150
           S     0.9583    0.9200    0.9388       150
           T     0.9484    0.9800    0.9639       150
           U     0.8992    0.7733    0.8315       150
           V     0.8171    0.9533    0.8800       150
           W     0.9184    0.9000    0.9091       150
           X     0.9931    0.9533    0.9728       150
           Y     0.9545    0.9800    0.9671       150
           Z     0.9740    1.0000    0.9868       150
         del     0.9803    0.9933    0.9868       150
     nothing     1.0000    1.0000    1.0000       150
       space     1.0000    0.9467    0.9726       150

    accuracy                         0.9595      4350
   macro avg     0.9603    0.9595    0.9594      4350
weighted avg     0.9603    0.9595    0.9594      4350
