              precision    recall  f1-score   support

           A     0.9032    0.7467    0.8175       150
           B     0.7529    0.8533    0.8000       150
           C     1.0000    0.9867    0.9933       150
           D     0.9795    0.9533    0.9662       150
           E     0.9478    0.8467    0.8944       150
           F     0.9597    0.9533    0.9565       150
           G     0.9573    0.7467    0.8390       150
           H     0.8421    0.9600    0.8972       150
           I     0.9771    0.8533    0.9110       150
           J     0.9161    0.9467    0.9311       150
           K     0.8716    0.8600    0.8658       150
           L     0.9853    0.8933    0.9371       150
           M     0.8117    0.8333    0.8224       150
           N     0.8952    0.7400    0.8102       150
           O     0.9767    0.8400    0.9032       150
           P     0.9187    0.9800    0.9484       150
           Q     0.9669    0.9733    0.9701       150
           R     0.7810    0.7133    0.7456       150
           S     0.6857    0.8000    0.7385       150
           T     0.8212    0.8267    0.8239       150
           U     0.5728    0.8133    0.6722       150
           V     0.7410    0.6867    0.7128       150
           W     0.8222    0.7400    0.7789       150
           X     0.7076    0.8067    0.7539       150
           Y     0.9221    0.9467    0.9342       150
           Z     0.8202    0.9733    0.8902       150
         del     0.9474    0.9600    0.9536       150
     nothing     0.9803    0.9933    0.9868       150
       space     0.9521    0.9267    0.9392       150

    accuracy                         0.8674      4350
   macro avg     0.8764    0.8674    0.8687      4350
weighted avg     0.8764    0.8674    0.8687      4350
