              precision    recall  f1-score   support

           A     0.9857    0.9200    0.9517       150
           B     0.9481    0.9733    0.9605       150
           C     0.9933    0.9867    0.9900       150
           D     0.9864    0.9667    0.9764       150
           E     0.9114    0.9600    0.9351       150
           F     1.0000    0.9533    0.9761       150
           G     0.9730    0.9600    0.9664       150
           H     0.9667    0.9667    0.9667       150
           I     0.9671    0.9800    0.9735       150
           J     0.9797    0.9667    0.9732       150
           K     0.9677    1.0000    0.9836       150
           L     1.0000    0.9933    0.9967       150
           M     0.8854    0.9267    0.9055       150
           N     0.9231    0.9600    0.9412       150
           O     0.9933    0.9867    0.9900       150
           P     0.9737    0.9867    0.9801       150
           Q     0.9933    0.9933    0.9933       150
           R     0.9586    0.9267    0.9424       150
           S     0.9333    0.9333    0.9333       150
           T     0.9648    0.9133    0.9384       150
           U     0.9324    0.9200    0.9262       150
           V     0.8805    0.9333    0.9061       150
           W     0.9211    0.9333    0.9272       150
           X     0.9463    0.9400    0.9431       150
           Y     0.9536    0.9600    0.9568       150
           Z     0.9866    0.9800    0.9833       150
         del     0.9804    1.0000    0.9901       150
     nothing     1.0000    1.0000    1.0000       150
       space     1.0000    0.9667    0.9831       150

    accuracy                         0.9616      4350
   macro avg     0.9623    0.9616    0.9617      4350
weighted avg     0.9623    0.9616    0.9617      4350
