              precision    recall  f1-score   support

           A     0.9136    0.9867    0.9487       150
           B     0.9858    0.9267    0.9553       150
           C     0.9677    1.0000    0.9836       150
           D     0.9931    0.9533    0.9728       150
           E     0.9504    0.8933    0.9210       150
           F     1.0000    0.9400    0.9691       150
           G     1.0000    0.8933    0.9437       150
           H     0.9412    0.9600    0.9505       150
           I     0.9932    0.9667    0.9797       150
           J     0.9255    0.9933    0.9582       150
           K     0.9853    0.8933    0.9371       150
           L     0.9605    0.9733    0.9669       150
           M     0.9276    0.9400    0.9338       150
           N     0.9718    0.9200    0.9452       150
           O     0.9456    0.9267    0.9360       150
           P     0.9795    0.9533    0.9662       150
           Q     0.9803    0.9933    0.9868       150
           R     0.8284    0.9333    0.8777       150
           S     0.8315    0.9867    0.9024       150
           T     0.9667    0.9667    0.9667       150
           U     0.8873    0.8400    0.8630       150
           V     0.8452    0.8733    0.8590       150
           W     0.9184    0.9000    0.9091       150
           X     0.9571    0.8933    0.9241       150
           Y     0.9494    1.0000    0.9740       150
           Z     0.9608    0.9800    0.9703       150
         del     0.9615    1.0000    0.9804       150
     nothing     1.0000    0.9867    0.9933       150
       space     0.9866    0.9800    0.9833       150

    accuracy                         0.9467      4350
   macro avg     0.9487    0.9467    0.9468      4350
weighted avg     0.9487    0.9467    0.9468      4350
