              precision    recall  f1-score   support

           A     0.7234    0.9067    0.8047       150
           B     0.8693    0.8867    0.8779       150
           C     0.9801    0.9867    0.9834       150
           D     0.9852    0.8867    0.9333       150
           E     0.8521    0.8067    0.8288       150
           F     0.8720    0.9533    0.9108       150
           G     0.8742    0.9267    0.8997       150
           H     0.9145    0.9267    0.9205       150
           I     0.9535    0.8200    0.8817       150
           J     0.9923    0.8600    0.9214       150
           K     0.9444    0.7933    0.8623       150
           L     0.8909    0.9800    0.9333       150
           M     0.8544    0.5867    0.6957       150
           N     0.7679    0.8600    0.8113       150
           O     0.9552    0.8533    0.9014       150
           P     0.9216    0.9400    0.9307       150
           Q     0.9310    0.9000    0.9153       150
           R     0.9222    0.5533    0.6917       150
           S     0.7941    0.5400    0.6429       150
           T     0.7158    0.8733    0.7868       150
           U     0.6627    0.7333    0.6962       150
           V     0.6859    0.7133    0.6993       150
           W     0.6216    0.7667    0.6866       150
           X     0.5707    0.7800    0.6592       150
           Y     0.8187    0.9333    0.8723       150
           Z     0.9128    0.9067    0.9097       150
         del     0.9308    0.9867    0.9579       150
     nothing     1.0000    0.9867    0.9933       150
       space     0.9856    0.9133    0.9481       150

    accuracy                         0.8469      4350
   macro avg     0.8587    0.8469    0.8468      4350
weighted avg     0.8587    0.8469    0.8468      4350
