              precision    recall  f1-score   support

           A     0.9692    0.8400    0.9000       150
           B     0.8253    0.9133    0.8671       150
           C     0.9932    0.9733    0.9832       150
           D     0.9793    0.9467    0.9627       150
           E     0.8955    0.8000    0.8451       150
           F     0.9586    0.9267    0.9424       150
           G     0.9848    0.8667    0.9220       150
           H     0.8772    1.0000    0.9346       150
           I     0.8805    0.9333    0.9061       150
           J     0.9671    0.9800    0.9735       150
           K     0.7128    0.9267    0.8058       150
           L     0.9732    0.9667    0.9699       150
           M     0.8072    0.8933    0.8481       150
           N     0.8919    0.8800    0.8859       150
           O     0.8968    0.9267    0.9115       150
           P     0.9608    0.9800    0.9703       150
           Q     1.0000    0.9200    0.9583       150
           R     0.5578    0.9333    0.6983       150
           S     0.8361    0.6800    0.7500       150
           T     0.8452    0.8733    0.8590       150
           U     0.7442    0.4267    0.5424       150
           V     0.7226    0.6600    0.6899       150
           W     0.8390    0.6600    0.7388       150
           X     0.8571    0.8400    0.8485       150
           Y     0.9452    0.9200    0.9324       150
           Z     0.9669    0.9733    0.9701       150
         del     0.9615    1.0000    0.9804       150
     nothing     1.0000    0.9867    0.9933       150
       space     0.9932    0.9800    0.9866       150

    accuracy                         0.8830      4350
   macro avg     0.8911    0.8830    0.8819      4350
weighted avg     0.8911    0.8830    0.8819      4350
