              precision    recall  f1-score   support

           A     0.9733    0.9733    0.9733       150
           B     0.9655    0.9333    0.9492       150
           C     0.9934    1.0000    0.9967       150
           D     0.9867    0.9867    0.9867       150
           E     0.9338    0.9400    0.9369       150
           F     0.9740    1.0000    0.9868       150
           G     0.9769    0.8467    0.9071       150
           H     0.8333    1.0000    0.9091       150
           I     0.9664    0.9600    0.9632       150
           J     0.9790    0.9333    0.9556       150
           K     0.9776    0.8733    0.9225       150
           L     0.9932    0.9667    0.9797       150
           M     0.8797    0.9267    0.9026       150
           N     0.9225    0.8733    0.8973       150
           O     0.9236    0.9667    0.9446       150
           P     1.0000    0.9733    0.9865       150
           Q     0.9554    1.0000    0.9772       150
           R     0.8086    0.8733    0.8397       150
           S     0.9091    0.9333    0.9211       150
           T     0.9927    0.9067    0.9477       150
           U     0.7485    0.8333    0.7886       150
           V     0.7791    0.8467    0.8115       150
           W     0.8993    0.8333    0.8651       150
           X     0.9137    0.8467    0.8789       150
           Y     0.9487    0.9867    0.9673       150
           Z     0.9484    0.9800    0.9639       150
         del     1.0000    0.9533    0.9761       150
     nothing     1.0000    1.0000    1.0000       150
       space     1.0000    0.9467    0.9726       150

    accuracy                         0.9343      4350
   macro avg     0.9373    0.9343    0.9347      4350
weighted avg     0.9373    0.9343    0.9347      4350
