              precision    recall  f1-score   support

           A     0.9600    0.9600    0.9600       150
           B     0.9085    0.9933    0.9490       150
           C     0.9933    0.9867    0.9900       150
           D     1.0000    0.9733    0.9865       150
           E     0.9262    0.9200    0.9231       150
           F     1.0000    0.9400    0.9691       150
           G     0.9514    0.9133    0.9320       150
           H     0.9182    0.9733    0.9450       150
           I     0.9781    0.8933    0.9338       150
           J     0.9667    0.9667    0.9667       150
           K     0.8023    0.9467    0.8685       150
           L     0.9868    1.0000    0.9934       150
           M     0.8171    0.8933    0.8535       150
           N     0.8533    0.8533    0.8533       150
           O     0.9595    0.9467    0.9530       150
           P     0.9355    0.9667    0.9508       150
           Q     0.9865    0.9733    0.9799       150
           R     0.7658    0.8067    0.7857       150
           S     0.9008    0.7267    0.8044       150
           T     0.8944    0.9600    0.9260       150
           U     0.7530    0.8333    0.7911       150
           V     0.8667    0.6067    0.7137       150
           W     0.8075    0.8667    0.8360       150
           X     0.8503    0.8333    0.8418       150
           Y     0.9467    0.9467    0.9467       150
           Z     0.9735    0.9800    0.9767       150
         del     0.9868    0.9933    0.9900       150
     nothing     1.0000    0.9867    0.9933       150
       space     1.0000    0.9867    0.9933       150

    accuracy                         0.9182      4350
   macro avg     0.9203    0.9182    0.9175      4350
weighted avg     0.9203    0.9182    0.9175      4350
