              precision    recall  f1-score   support

           A     0.9392    0.9267    0.9329       150
           B     0.9487    0.9867    0.9673       150
           C     0.9934    1.0000    0.9967       150
           D     1.0000    0.9800    0.9899       150
           E     0.9789    0.9267    0.9521       150
           F     0.9675    0.9933    0.9803       150
           G     1.0000    0.9933    0.9967       150
           H     1.0000    1.0000    1.0000       150
           I     0.9803    0.9933    0.9868       150
           J     0.9868    1.0000    0.9934       150
           K     0.8447    0.9067    0.8746       150
           L     1.0000    0.9933    0.9967       150
           M     0.9145    0.9267    0.9205       150
           N     0.9286    0.9533    0.9408       150
           O     0.9867    0.9867    0.9867       150
           P     0.9740    1.0000    0.9868       150
           Q     1.0000    0.9867    0.9933       150
           R     0.8063    0.8600    0.8323       150
           S     0.9333    0.9333    0.9333       150
           T     0.9605    0.9733    0.9669       150
           U     0.8082    0.7867    0.7973       150
           V     0.8462    0.8067    0.8259       150
           W     0.9452    0.9200    0.9324       150
           X     0.9710    0.8933    0.9306       150
           Y     0.9735    0.9800    0.9767       150
           Z     1.0000    0.9867    0.9933       150
         del     0.9932    0.9800    0.9866       150
     nothing     1.0000    1.0000    1.0000       150
       space     0.9933    0.9867    0.9900       150

    accuracy                         0.9538      4350
   macro avg     0.9543    0.9538    0.9538      4350
weighted avg     0.9543    0.9538    0.9538      4350
