              precision    recall  f1-score   support

           A     0.9801    0.9867    0.9834       150
           B     0.9800    0.9800    0.9800       150
           C     0.9933    0.9867    0.9900       150
           D     0.9416    0.9667    0.9539       150
           E     0.9600    0.9600    0.9600       150
           F     0.9932    0.9667    0.9797       150
           G     0.9863    0.9600    0.9730       150
           H     0.9494    1.0000    0.9740       150
           I     0.9658    0.9400    0.9527       150
           J     0.9932    0.9733    0.9832       150
           K     0.9613    0.9933    0.9770       150
           L     0.9198    0.9933    0.9551       150
           M     0.9226    0.9533    0.9377       150
           N     0.9660    0.9467    0.9562       150
           O     0.9662    0.9533    0.9597       150
           P     0.9803    0.9933    0.9868       150
           Q     0.9932    0.9667    0.9797       150
           R     0.9085    0.9933    0.9490       150
           S     0.9603    0.9667    0.9635       150
           T     0.9655    0.9333    0.9492       150
           U     0.8947    0.9067    0.9007       150
           V     0.9203    0.8467    0.8819       150
           W     0.9200    0.9200    0.9200       150
           X     0.9660    0.9467    0.9562       150
           Y     0.9801    0.9867    0.9834       150
           Z     1.0000    0.9800    0.9899       150
         del     1.0000    0.9600    0.9796       150
     nothing     1.0000    1.0000    1.0000       150
       space     0.9866    0.9800    0.9833       150

    accuracy                         0.9634      4350
   macro avg     0.9639    0.9634    0.9634      4350
weighted avg     0.9639    0.9634    0.9634      4350
