              precision    recall  f1-score   support

           A     0.7182    0.8667    0.7855       150
           B     0.8176    0.8067    0.8121       150
           C     0.9868    0.9933    0.9900       150
           D     0.8968    0.9267    0.9115       150
           E     0.8473    0.7400    0.7900       150
           F     0.9536    0.9600    0.9568       150
           G     0.8447    0.9067    0.8746       150
           H     0.9247    0.9000    0.9122       150
           I     0.8504    0.7200    0.7798       150
           J     0.9236    0.8867    0.9048       150
           K     0.8718    0.6800    0.7640       150
           L     0.9145    0.9267    0.9205       150
           M     0.6845    0.7667    0.7233       150
           N     0.7899    0.7267    0.7569       150
           O     1.0000    0.8133    0.8971       150
           P     0.9262    0.9200    0.9231       150
           Q     0.9496    0.8800    0.9135       150
           R     0.7537    0.6733    0.7113       150
           S     0.8837    0.5067    0.6441       150
           T     0.7981    0.5533    0.6535       150
           U     0.6199    0.7067    0.6604       150
           V     0.5980    0.8133    0.6893       150
           W     0.5367    0.7800    0.6359       150
           X     0.6420    0.7533    0.6933       150
           Y     0.7701    0.8933    0.8272       150
           Z     0.9167    0.8800    0.8980       150
         del     0.9000    0.9600    0.9290       150
     nothing     0.9801    0.9867    0.9834       150
       space     0.9662    0.9533    0.9597       150

    accuracy                         0.8234      4350
   macro avg     0.8367    0.8234    0.8242      4350
weighted avg     0.8367    0.8234    0.8242      4350
