              precision    recall  f1-score   support

           A     1.0000    0.9200    0.9583       150
           B     0.9673    0.9867    0.9769       150
           C     0.9933    0.9933    0.9933       150
           D     0.9932    0.9733    0.9832       150
           E     0.9800    0.9800    0.9800       150
           F     0.9868    0.9933    0.9900       150
           G     0.9931    0.9600    0.9763       150
           H     0.9430    0.9933    0.9675       150
           I     1.0000    0.9533    0.9761       150
           J     0.9932    0.9800    0.9866       150
           K     0.9423    0.9800    0.9608       150
           L     0.9932    0.9800    0.9866       150
           M     0.9673    0.9867    0.9769       150
           N     0.9539    0.9667    0.9603       150
           O     0.9551    0.9933    0.9739       150
           P     1.0000    0.9800    0.9899       150
           Q     0.9675    0.9933    0.9803       150
           R     0.9762    0.8200    0.8913       150
           S     0.9504    0.8933    0.9210       150
           T     0.9250    0.9867    0.9548       150
           U     0.8447    0.9067    0.8746       150
           V     0.9054    0.8933    0.8993       150
           W     0.8727    0.9600    0.9143       150
           X     0.9930    0.9467    0.9693       150
           Y     0.9490    0.9933    0.9707       150
           Z     0.9804    1.0000    0.9901       150
         del     0.9933    0.9933    0.9933       150
     nothing     0.9934    1.0000    0.9967       150
       space     1.0000    0.9733    0.9865       150

    accuracy                         0.9648      4350
   macro avg     0.9660    0.9648    0.9648      4350
weighted avg     0.9660    0.9648    0.9648      4350
