              precision    recall  f1-score   support

           A     0.9862    0.9533    0.9695       150
           B     0.9799    0.9733    0.9766       150
           C     1.0000    1.0000    1.0000       150
           D     1.0000    0.9800    0.9899       150
           E     0.9141    0.9933    0.9521       150
           F     1.0000    0.9933    0.9967       150
           G     0.9933    0.9933    0.9933       150
           H     0.9934    1.0000    0.9967       150
           I     1.0000    0.9867    0.9933       150
           J     0.9934    1.0000    0.9967       150
           K     0.9868    1.0000    0.9934       150
           L     0.9804    1.0000    0.9901       150
           M     0.9732    0.9667    0.9699       150
           N     0.9605    0.9733    0.9669       150
           O     0.9545    0.9800    0.9671       150
           P     1.0000    0.9933    0.9967       150
           Q     1.0000    0.9933    0.9967       150
           R     0.9463    0.9400    0.9431       150
           S     0.9733    0.9733    0.9733       150
           T     0.9793    0.9467    0.9627       150
           U     0.9379    0.9067    0.9220       150
           V     0.9726    0.9467    0.9595       150
           W     0.9481    0.9733    0.9605       150
           X     0.9470    0.9533    0.9502       150
           Y     0.9865    0.9733    0.9799       150
           Z     0.9868    0.9933    0.9900       150
         del     0.9934    1.0000    0.9967       150
     nothing     1.0000    1.0000    1.0000       150
       space     1.0000    0.9933    0.9967       150

    accuracy                         0.9786      4350
   macro avg     0.9789    0.9786    0.9786      4350
weighted avg     0.9789    0.9786    0.9786      4350
