              precision    recall  f1-score   support

           A     0.9514    0.9133    0.9320       150
           B     0.9012    0.9733    0.9359       150
           C     0.9934    1.0000    0.9967       150
           D     0.9929    0.9333    0.9622       150
           E     0.8750    0.9800    0.9245       150
           F     0.9932    0.9733    0.9832       150
           G     0.9589    0.9333    0.9459       150
           H     0.9597    0.9533    0.9565       150
           I     0.9481    0.9733    0.9605       150
           J     0.9545    0.9800    0.9671       150
           K     0.9610    0.9867    0.9737       150
           L     0.9308    0.9867    0.9579       150
           M     0.9172    0.8867    0.9017       150
           N     0.8634    0.9267    0.8939       150
           O     0.9608    0.9800    0.9703       150
           P     0.9803    0.9933    0.9868       150
           Q     0.9867    0.9867    0.9867       150
           R     0.9595    0.9467    0.9530       150
           S     0.9481    0.9733    0.9605       150
           T     0.9680    0.8067    0.8800       150
           U     0.8616    0.9133    0.8867       150
           V     0.8874    0.8933    0.8904       150
           W     0.9456    0.9267    0.9360       150
           X     0.9624    0.8533    0.9046       150
           Y     0.9608    0.9800    0.9703       150
           Z     0.9926    0.9000    0.9441       150
         del     1.0000    0.9800    0.9899       150
     nothing     0.9804    1.0000    0.9901       150
       space     0.9740    1.0000    0.9868       150

    accuracy                         0.9494      4350
   macro avg     0.9507    0.9494    0.9492      4350
weighted avg     0.9507    0.9494    0.9492      4350
