              precision    recall  f1-score   support

           A     0.9799    0.9733    0.9766       150
           B     0.9351    0.9600    0.9474       150
           C     0.9865    0.9733    0.9799       150
           D     0.9419    0.9733    0.9574       150
           E     0.8720    0.9533    0.9108       150
           F     0.9797    0.9667    0.9732       150
           G     0.9068    0.9733    0.9389       150
           H     0.9712    0.9000    0.9343       150
           I     0.9796    0.9600    0.9697       150
           J     0.9737    0.9867    0.9801       150
           K     0.9933    0.9867    0.9900       150
           L     0.9855    0.9067    0.9444       150
           M     0.9536    0.9600    0.9568       150
           N     0.9379    0.9067    0.9220       150
           O     0.9796    0.9600    0.9697       150
           P     0.9732    0.9667    0.9699       150
           Q     0.9859    0.9333    0.9589       150
           R     0.9272    0.9333    0.9302       150
           S     0.8944    0.9600    0.9260       150
           T     0.9068    0.9733    0.9389       150
           U     0.9091    0.9333    0.9211       150
           V     0.8924    0.9400    0.9156       150
           W     0.9701    0.8667    0.9155       150
           X     0.9786    0.9133    0.9448       150
           Y     0.9732    0.9667    0.9699       150
           Z     0.9423    0.9800    0.9608       150
         del     1.0000    0.9867    0.9933       150
     nothing     0.9934    1.0000    0.9967       150
       space     0.9866    0.9800    0.9833       150

    accuracy                         0.9543      4350
   macro avg     0.9555    0.9543    0.9543      4350
weighted avg     0.9555    0.9543    0.9543      4350
